Student	Condition	Stem_length	Leaf_surface	LAR	FW_Root	FW_Shoot	FW_Total_Plant	ratio_FW_Shoot_FW_Root	DW_Root	DW_Shoot	DW_Total_Plant	ratio_DW_Shoot_DW_Root
Student01	HL	22,4	75,11	243,31	0,935	2,343	3,278	2,506	0,059	0,250	0,309	0,809
Student01	HL	28,1	78,86	257,12	0,944	2,556	3,500	2,708	0,060	0,247	0,307	0,804
Student01	HL	21,5	169,37	302,55	1,366	3,846	5,212	2,816	0,077	0,483	0,560	0,863
Student01	HL	22,9	102,98	308,23	0,832	2,221	3,053	2,669	0,051	0,283	0,334	0,847
Student01	LL	7,9	46,17	116,95	1,209	1,801	3,010	1,490	0,078	0,317	0,395	4,094
Student01	LL	8,4	47,40	120,46	1,204	1,795	2,999	1,491	0,077	0,317	0,394	4,117
Student01	LL	7,8	44,71	110,18	1,086	1,896	2,982	1,746	0,076	0,330	0,406	4,318
Student01	LL	8,0	59,88	33,55	1,817	3,006	4,823	1,654	0,755	1,030	1,785	1,364
Student02	HL	8,6	25,33	236,51	0,612	1,000	1,613	1,633	0,032	0,075	0,107	0,701
Student02	HL	24,1	79,86	333,58	0,730	2,229	2,958	3,055	0,034	0,205	0,239	0,858
Student02	HL	22,2	53,901	283,69	0,572	1,575	2,147	2,752	0,029	0,161	0,190	0,847
Student02	HL	21,6	82,982	295,41	0,664	2,766	3,430	4,166	0,033	0,248	0,281	0,883
Student02	HL	18,7	89,958	272,77	1,005	3,133	4,137	3,118	0,051	0,279	0,330	0,845
Student02	HL	20,2	82,051	340,18	0,690	2,180	2,870	3,160	0,039	0,202	0,241	0,838
Student02	LL	7,2	45,41	132,91	1,150	1,900	3,050	1,652	0,085	0,257	0,342	3,020
Student02	LL	7,3	56,25	151,26	1,261	1,999	3,260	1,585	0,091	0,281	0,372	3,087
Student02	LL	7,0	64,42	155,59	1,137	2,315	3,452	2,036	0,088	0,326	0,414	3,705
Student02	LL	6,8	59,68	129,62	1,453	1,947	3,400	1,340	0,108	0,352	0,460	3,263
Student02	LL	8,7	33,35	121,55	0,738	1,690	2,428	2,291	0,053	0,221	0,274	4,177
Student02	LL	9,9	40,27	116,02	1,012	1,662	2,674	1,642	0,063	0,284	0,347	4,510
Student02	LL	8,0	28,67	126,29	1,006	1,044	2,050	1,038	0,054	0,173	0,227	3,204
Student03	HL	23	87,6525	259,33	0,965	3,180	4,145	3,295	0,050	0,288	0,338	0,853
Student03	HL	24,6	83,466	269,33	0,890	2,653	3,543	2,981	0,052	0,258	0,310	0,833
Student03	HL	7,4	59,64	217,35	0,811	2,495	3,306	3,076	0,044	0,231	0,274	0,841
Student03	HL	22,4	67,766	284,37	0,614	2,356	2,970	3,837	0,037	0,202	0,238	0,846
Student03	LL	6,4	24,77	146,42	0,877	1,956	2,833	2,230	0,044	0,125	0,169	2,828
Student03	LL	8,1	52,66	182,90	0,766	2,260	3,026	2,950	0,056	0,232	0,288	4,141
Student03	LL	8,5	57,46	108,82	1,474	2,198	3,672	1,491	0,161	0,367	0,528	2,280
Student03	LL	9,7	57,07	126,34	1,684	2,159	3,843	1,282	0,106	0,346	0,452	3,257
Student04	HL	22,3	80,031	227,36	2,957	0,617	3,574	0,209	0,044	0,308	0,352	0,875
Student04	HL	22,7	68,621	788,75	1,577	0,868	2,445	0,550	0,055	0,032	0,087	0,368
Student04	HL	23,4	48,227	157,60	2,447	0,695	3,142	0,284	0,031	0,275	0,306	0,899
Student04	HL	23,1	79,689	292,97	2,321	0,576	2,897	0,248	0,033	0,239	0,272	0,879
Student04	HL	23,9	72,951	344,11	2,077	0,484	2,561	0,233	0,029	0,183	0,212	0,863
Student04	LL	7,6	77,45	185,72	1,960	2,215	4,175	1,130	0,130	0,287	0,417	2,208
Student04	LL	7,8	84,97	144,50	2,161	3,372	5,533	1,560	0,154	0,434	0,588	2,818
Student04	LL	6,3	26,65	104,93	0,678	1,731	2,409	2,553	0,051	0,203	0,254	3,980
Student04	LL	8,5	79,43	174,19	1,573	2,377	3,950	1,511	0,101	0,355	0,456	3,515
Student04	LL	4,9	38,94	143,17	1,135	2,169	3,304	1,911	0,069	0,203	0,272	2,942
Student05	HL	23,8	31,9395	123,32	1,207	2,100	3,307	1,740	0,054	0,205	0,259	0,792
Student05	HL	24,5	28,8625	124,41	0,828	2,080	2,908	2,512	0,032	0,200	0,232	0,862
Student05	HL	23,5	20,7835	60,42	1,265	2,971	4,236	2,349	0,060	0,284	0,344	0,826
Student05	HL	22,5	31,5515	156,97	0,891	1,866	2,757	2,094	0,044	0,157	0,201	0,781
Student05	HL	22,1	21,807	121,83	0,626	1,796	2,422	2,869	0,029	0,150	0,179	0,838
Student05	LL	8,0	14,59	48,31	0,933	1,502	2,435	1,610	0,065	0,237	0,302	3,646
Student05	LL	8,4	3,98	14,64	0,458	1,474	1,932	3,218	0,024	0,248	0,272	10,333
Student05	LL	7,3	20,88	54,24	1,854	1,921	3,775	1,036	0,097	0,288	0,385	2,969
Student05	LL	7,7	17,42	50,96	1,019	1,754	2,773	1,721	0,057	0,285	0,342	5,009
Student05	LL	6,5	16,57	67,07	0,920	1,627	2,547	1,768	0,054	0,193	0,247	3,574
Student06	HL	23,7	110	259,43	1,472	2,937	4,409	1,995	0,065	0,359	0,424	0,847
Student06	HL	29,1	105,3	321,04	1,417	2,921	4,338	2,061	0,049	0,279	0,328	0,851
Student06	HL	24,1	128,5	434,12	1,306	2,826	4,132	2,164	0,045	0,251	0,296	0,848
Student06	HL	25,6	90,755	556,78	1,377	2,706	4,083	1,965	0,026	0,137	0,163	0,840
Student06	HL	26,9	100,778	501,38	1,476	2,517	3,993	1,705	0,019	0,182	0,201	0,905
Student06	LL	9,0	51,60	157,32	1,188	1,896	3,084	1,596	0,071	0,257	0,328	3,620
Student06	LL	8,0	36,90	141,38	1,232	1,381	2,613	1,121	0,068	0,193	0,261	2,838
Student06	LL	7,9	35,97	146,22	1,366	1,187	2,553	0,869	0,071	0,175	0,246	2,465
Student06	LL	7,7	47,80	167,72	1,873	1,605	3,478	0,857	0,038	0,247	0,285	6,500
Student06	LL	5,7	26,29	117,90	1,240	1,267	2,507	1,022	0,073	0,150	0,223	2,055
Student07	HL	35,3	39,691	141,75	2,450	2,590	5,040	1,057	0,030	0,250	0,280	0,893
Student07	HL	23,6	65,941	366,34	1,310	1,670	2,980	1,275	0,020	0,160	0,180	0,889
Student07	HL	17,4	72,3	267,78	2,460	2,580	5,040	1,049	0,050	0,220	0,270	0,815
Student07	HL	20,1	70,248	413,22	0,780	1,280	2,060	1,641	0,030	0,140	0,170	0,824
Student07	LL	8,2	83,84	113,30	2,460	2,600	5,060	1,057	0,130	0,610	0,740	4,692
Student07	LL	7,9	41,29	275,26	1,300	1,560	2,860	1,200	0,040	0,110	0,150	2,750
Student07	LL	8,7	67,31	181,92	2,430	2,520	4,950	1,037	0,130	0,240	0,370	1,846
Student07	LL	7,2	24,90	103,74	0,780	1,400	2,180	1,795	0,050	0,190	0,240	3,800
Student07	LL	6,6	29,75	99,17	1,250	1,630	2,880	1,304	0,100	0,200	0,300	2,000
Student08	HL	19,9	30,515	168,59	0,542	1,376	1,917	2,540	0,025	0,156	0,181	0,860
Student08	HL	26,3	74,472	293,20	0,577	2,713	3,290	4,703	0,044	0,210	0,254	0,826
Student08	HL	24,9	41,01	188,99	0,342	2,181	2,523	6,383	0,043	0,174	0,217	0,803
Student08	HL	22,2	76,761	299,15	1,024	2,065	3,088	2,017	0,051	0,206	0,257	0,801
Student08	HL	21,9	79,749	89,99	0,592	2,480	3,072	4,188	0,047	0,839	0,886	0,947
Student08	LL	8,4	24,65	31,30	0,274	2,184	2,458	7,972	0,038	0,749	0,788	19,564
Student08	LL	8,6	24,45	25,98	0,651	1,474	2,126	2,263	0,142	0,799	0,941	5,627
Student08	LL	7,3	32,69	119,45	0,562	1,287	1,849	2,289	0,025	0,248	0,274	9,776
Student08	LL	6,1	39,65	60,61	0,677	1,936	2,613	2,861	0,414	0,240	0,654	0,579
Student09	HL	16,6	68,3	296,96	0,875	1,761	2,636	2,013	0,060	0,170	0,230	0,739
Student09	HL	16	82,5	201,22	1,323	3,061	4,384	2,314	0,110	0,300	0,410	0,732
Student09	HL	19,2	96,6	268,33	1,128	2,867	3,995	2,542	0,080	0,280	0,360	0,778
Student09	HL	23	138,2	329,05	1,406	2,599	4,005	1,849	0,140	0,280	0,420	0,667
Student09	LL	8,3	35,90	115,81	1,238	1,040	2,278	0,840	0,100	0,210	0,310	2,100
Student09	LL	7,9	40,30	89,56	1,227	1,964	3,191	1,601	0,120	0,330	0,450	2,750
Student09	LL	4,9	59,10	246,25	0,691	1,289	1,980	1,865	0,070	0,170	0,240	2,429
Student09	LL	6,5	56,50	141,25	1,369	2,626	3,995	1,918	0,120	0,280	0,400	2,333
Student10	HL	5,6	42,27	121,48	1,345	2,100	3,445	1,561	0,089	0,259	0,348	2,910
Student10	HL	4,5	35,94	125,65	0,955	1,570	2,525	1,644	0,063	0,223	0,286	3,540
Student10	HL	4,2	33,96	123,50	0,949	1,758	2,707	1,852	0,062	0,213	0,275	3,435
Student10	HL	4,2	23,07	146,02	0,469	1,060	1,529	2,260	0,031	0,127	0,158	4,097
Student10	HL	4,3	38,46	81,30	0,976	2,162	3,138	2,215	0,066	0,407	0,473	6,167
Student10	LL	22,6	97,36	335,72	0,858	2,570	3,428	2,995	0,048	0,242	0,290	0,834
Student10	LL	21,2	57,77	226,56	0,815	2,266	3,081	2,780	0,043	0,212	0,255	0,831
Student10	LL	12,4	77,77	213,65	0,870	2,761	3,631	3,174	0,049	0,315	0,364	0,865
Student10	LL	23,2	108,42	302,85	1,056	3,081	4,137	2,918	0,058	0,300	0,358	0,838
Student10	LL	11,4	52,29	201,12	0,658	1,980	2,638	3,009	0,054	0,206	0,260	0,792
Student11	HL	7,6	30,24	91,85	1,153	1,521	2,674	1,320	0,069	0,261	0,329	3,799
Student11	HL	5,2	27,99	74,15	1,155	1,568	2,722	1,357	0,071	0,307	0,378	4,332
Student11	HL	8,2	21,06	61,45	1,150	1,538	2,688	1,337	0,066	0,277	0,343	4,186
Student11	HL	5,8	20,28	55,20	1,164	1,549	2,712	1,331	0,080	0,288	0,367	3,614
Student11	LL	21,8	112,92	593,39	0,711	1,886	2,597	2,652	0,036	0,155	0,190	0,812
Student11	LL	21,6	74,86	212,31	0,855	1,904	2,759	2,226	0,180	0,173	0,353	0,490
Student11	LL	18,6	104,42	524,19	0,707	1,899	2,606	2,686	0,032	0,168	0,199	0,841
Student11	LL	22,2	117,04	709,77	0,710	1,862	2,572	2,625	0,034	0,131	0,165	0,793
Student11	LL	18,6	11,33	64,43	0,728	1,855	2,583	2,550	0,052	0,124	0,176	0,704
Student12	HL	7,7	31,00	17,22	0,590	1,210	1,800	2,051	0,590	1,210	1,800	2,051
Student12	HL	6,1	42,00	13,55	1,220	1,880	3,100	1,541	1,220	1,880	3,100	1,541
Student12	HL	5,6	25,00	11,16	0,680	1,560	2,240	2,294	0,680	1,560	2,240	2,294
Student12	HL	5,8	18,00	9,33	0,910	1,020	1,930	1,121	0,910	1,020	1,930	1,121
Student12	LL	15,7	37,00	29,60	0,390	0,860	1,250	2,205	0,390	0,860	1,250	0,688
Student12	LL	23,1	102,00	23,50	1,250	3,090	4,340	2,472	1,250	3,090	4,340	0,712
Student12	LL	19,5	75,00	19,13	1,130	2,790	3,920	2,469	1,130	2,790	3,920	0,712
Student12	LL	19,7	40,00	18,52	0,690	1,470	2,160	2,130	0,690	1,470	2,160	0,681
Student12	LL	17,6	37,00	14,40	0,790	1,780	2,570	2,253	0,790	1,780	2,570	0,693
Student13	HL	6,5	37,00	17,09	1,046	3,358	4,404	3,210	0,079	2,086	2,165	26,405
Student13	HL	5,0	55,30	23,64	1,404	3,935	5,339	2,803	0,114	2,225	2,339	19,518
Student13	HL	4,5	8,47	3,93	0,267	2,814	3,081	10,539	0,018	2,140	2,158	118,889
Student13	HL	6,4	26,58	11,83	0,652	3,415	4,067	5,238	0,051	2,197	2,248	43,078
Student13	HL	5,5	14,59	6,53	0,472	3,217	3,689	6,816	0,035	2,199	2,234	62,829
Student13	LL	12,7	70,24	32,00	0,628	4,211	4,839	6,705	0,044	2,151	2,195	0,980
Student13	LL	12,5	95,15	42,04	0,717	5,020	5,737	7,001	0,051	2,212	2,263	0,977
Student13	LL	15,0	90,31	41,05	0,753	4,549	5,302	6,041	0,053	2,147	2,200	0,976
Student13	LL	11,5	32,03	15,73	0,517	3,416	3,933	6,607	0,030	2,006	2,036	0,985
Student13	LL	9,0	30,85	15,13	0,366	3,035	3,401	8,292	0,024	2,015	2,039	0,988
Student14	HL	8,4	22,15	71,08	0,973	1,703	2,676	1,750	0,076	0,236	0,312	3,105
Student14	HL	7,4	19,00	55,72	0,739	2,087	2,826	2,824	0,063	0,278	0,341	4,413
Student14	HL	7,5	26,82	73,98	1,058	2,033	3,091	1,922	0,078	0,285	0,363	3,659
Student14	HL	4,9	5,41	39,20	0,182	0,488	0,670	2,679	0,065	0,073	0,138	1,120
Student14	HL	4,0	10,56	43,58	0,475	0,978	1,453	2,061	0,036	0,206	0,242	5,765
Student14	LL	21,4	35,20	139,63	1,055	2,182	3,236	2,069	0,047	0,206	0,252	0,815
Student14	LL	14,5	17,70	150,48	0,340	1,172	1,513	3,444	0,020	0,097	0,118	0,827
Student14	LL	23,2	46,74	197,30	0,876	2,526	3,402	2,883	0,058	0,179	0,237	0,755
Student14	LL	22,1	29,93	135,65	0,650	1,851	2,501	2,847	0,041	0,180	0,221	0,814
Student15	HL	4,9	26,41	120,03	0,810	1,440	2,250	1,778	0,050	0,170	0,220	3,400
Student15	HL	5,0	17,62	135,54	0,500	0,940	1,440	1,880	0,040	0,090	0,130	2,250
Student15	HL	5,0	16,52	71,82	0,590	1,370	1,960	2,322	0,030	0,200	0,230	6,667
Student15	HL	5,5	23,80	91,52	1,820	1,710	3,530	0,940	0,050	0,210	0,260	4,200
Student15	HL	5,4	30,46	108,77	0,930	1,560	2,490	1,677	0,050	0,230	0,280	4,600
Student15	LL	16,3	65,50	251,91	0,830	2,410	3,240	2,904	0,040	0,220	0,260	0,846
Student15	LL	25,0	64,04	278,42	0,990	2,250	3,240	2,273	0,040	0,190	0,230	0,826
Student15	LL	20,3	61,68	342,69	0,610	1,280	1,890	2,098	0,030	0,150	0,180	0,833
Student15	LL	23,8	110,22	344,45	1,150	2,770	3,920	2,409	0,050	0,270	0,320	0,844
Student16	HL	5,5	53,00	23,14	1,238	2,010	3,248	1,624	0,100	2,190	2,290	21,900
Student16	HL	4,4	27,00	12,50	0,930	0,940	1,870	1,011	0,470	1,690	2,160	3,596
Student16	HL	6,7	35,00	12,32	3,364	1,710	5,074	0,508	0,410	2,430	2,840	5,927
Student16	HL	6,5	33,00	11,46	1,676	1,590	3,266	0,949	0,440	2,440	2,880	5,545
Student16	HL	5,9	38,00	13,77	1,816	1,980	3,796	1,090	0,350	2,410	2,760	6,886
Student16	LL	19,8	81,00	37,67	0,870	1,970	2,840	2,264	0,060	2,090	2,150	0,972
Student16	LL	25,2	122,00	52,59	1,760	3,380	5,140	1,920	0,110	2,210	2,320	0,953
Student16	LL	24,3	115,00	50,00	1,240	3,010	4,250	2,427	0,080	2,220	2,300	0,965
Student16	LL	23,9	112,00	48,28	1,220	3,460	4,680	2,836	0,060	2,260	2,320	0,974
Student17	HL	7,4	38,00	134,28	1,050	1,513	2,563	1,441	0,064	0,219	0,283	3,422
Student17	HL	7,6	25,00	97,66	0,567	1,343	1,910	2,369	0,039	0,217	0,256	5,564
Student17	HL	5,0	22,00	102,80	0,367	1,223	1,590	3,332	0,024	0,190	0,214	7,917
Student17	HL	5,5	18,00	83,33	0,498	0,929	1,427	1,865	0,035	0,181	0,216	5,171
Student17	HL	5,6	14,00	68,63	0,455	1,212	1,667	2,664	0,033	0,171	0,204	5,182
Student17	LL	13,0	82,00	310,61	0,893	2,574	3,467	2,882	0,043	0,221	0,264	0,837
Student17	LL	24,0	75,00	336,32	0,787	2,128	2,915	2,704	0,038	0,185	0,223	0,830
Student17	LL	19,0	114,00	356,25	1,048	3,025	4,073	2,886	0,052	0,268	0,320	0,838
Student17	LL	25,0	124,00	337,87	1,259	3,941	5,200	3,130	0,061	0,306	0,367	0,834
												
